camera_name: left
frame_id: /head_color_camera_l_link
image_width: 1360
image_height: 1024
camera_matrix:
  rows: 3
  cols: 3
  data: [1436.6313335435279, 0.0, 684.40206491940614, 0.0, 1436.4457377625508, 547.91569136021837, 0.0, 0.0, 1.0]
distortion_model: plumb_bob
distortion_coefficients:
  rows: 1
  cols: 5
  data: [-0.2508171859378166, 0.14983990996763083, -0.00040327869116870649, -3.8810549566974457e-05, 0.16154822796818144]
rectification_matrix:
  rows: 3
  cols: 3
  data: [0.99995425952927219, -0.0081219832467538458, 0.0050509640074252442, 0.0081172249715945714, 0.9999665922024743, 0.00096184080336835572, -0.0050586073207333875, -0.00092079699714557757, 0.99998678122506424]
projection_matrix:
  rows: 3
  cols: 4
  data: [1436.3842803265793, 0.0, 672.30600738525391, 0.0, 0.0, 1436.3842803265793, 546.80731201171875, 0.0, 0.0, 0.0, 1.0, 0.0]
