camera_name: right
frame_id: /head_color_camera_l_link
image_width: 1360
image_height: 1024
camera_matrix:
  rows: 3
  cols: 3
  data: [1429.8515899883673, 0.0, 685.6087226042647, 0.0, 1429.9916416361757, 546.40432460435363, 0.0, 0.0, 1.0]
distortion_model: plumb_bob
distortion_coefficients:
  rows: 1
  cols: 5
  data: [-0.2585463182892262, 0.20637961358401186, -0.00055923942697511054, -0.00057943945734612306, -0.026863501106582369]
rectification_matrix:
  rows: 3
  cols: 3
  data: [0.99992816063862677, -0.0057246610168681196, 0.010530993215006654, 0.0057345717948144295, 0.99998314210380179, -0.00091115011814057599, -0.010525599659054348, 0.00097147539836010246, 0.99994413243309122]
projection_matrix:
  rows: 3
  cols: 4
  data: [1436.3842803265793, 0.0, 672.30600738525391, -172.10218199422755, 0.0, 1436.3842803265793, 546.80731201171875, 0.0, 0.0, 0.0, 1.0, 0.0]
